   lambda 0
4  0.062729
2  0.121439
5  0.391102
0  0.792989
3  1.161379
1  2.056501
   lambda 1
4  0.049086
0  0.111568
3  0.220779
2  0.254142
5  0.254957
1  1.327679
   lambda 2
4  0.058775
0  0.097677
5  0.123092
2  0.274012
3  0.287010
1  1.154551
   lambda 3
5  0.038295
4  0.070535
0  0.098098
2  0.291524
3  0.298925
1  1.043871
   lambda 4
5  0.019792
4  0.081888
0  0.100460
3  0.298476
2  0.307166
1  0.963394
   lambda 5
5  0.061640
4  0.092194
0  0.103095
3  0.294309
2  0.320989
1  0.901191
